6
100
100
1 2
3 4
200 141
141 200
-5 -4 -3 -2 -1 0 1 2 3 4
-5 -4 -3 -2 -1 0 1 2 3 4
41 18467 6334 26500 19169 15724 11478 29358 26962 24464 5705 28145 23281 16827 9961 491 2995 11942 4827 5436 2391 14604 3902 153 292 12382 17421 18716 19718 19895 5447 21726 14771 11538 1869 19912 25667 26299 17035 9894 28703 23811 1322 333 17673 4664 15141 7711 28253 6868 25547 27644 2662 2757 20037 12859 8723 9741 27529 778 12316 3035 22190 1842 288 106 9040 8942 19264 22648 27446 23805 15890 6729 24370 15350 15006 1101 24393 3548 19629 12623 24084 19954 18756 11840 4966 7376 13931 26308 16944 2439 24626 11323 5537 21538 16118 2082 22929 16541 4833 1115 4639 29658 22704 9930 13977 2306 1673 22386 5021 28745 26924 19072 6270 5829 26777 15573 5097 16512 23986 13290 9161 18636 22355 24767 23655 15574 4031 12052 27350 1150 16941 21724 13966 3430 1107 191 18007 11337 15457 12287 27753 10383 14945 8909 2209 9758 24221 18588 6422 24946 27506 13030 16413 29168 900 2591 18762 1655 17410 6359 27624 20537 21548 6483 27595 4041 3602 24350 10291 836 9374 11020 4596 24021 27348 23199 19668 24484 8281 4734 53 1999 26418 27938 6900 3788 18127 467 3728 14893 24648 22483 17807 2421 14310 6617 22813 9514 14309 7616 18935 17451 20600 5249 16519 1556 22798 303 6224 11008 5844 2609 14989 2702 3195 20485 3093 14343 523 1587 29314 9503 7448 25200 13458 6618 20580 19796 14798 15281 19589 20798 28009 27157 20472 23622 18538 12292 6038 24179 18190 29657 7958 6191 19815 22888 19156 11511 16202 2634 24272 20055 20328 22646 26362 4886 18875 28433 29869 20142 23844 1416 21881 1998 10322 18651 10021 5699 3557 28476 27892 24389 5075 10712 2600 2510 21003 26869 17861 14688 13401 9789 15255 16423 5002 10585 24182 10285 27088 1426 28617 23757 9832 932 4169 2154 25721 17189 19976 1329 2368 28692 21425 10555 3434 16549 7441 9512 145 18060 21718 3753 16139 12423 16279 25996 16687 12529 22549 17437 19866 12949 193 23195 3297 20416 28286 16105 24488 16282 12455 25734 18114 11701 1316 20671 5786 12263 4313 24355 1185 20053 912 10808 1832 20945 27756 28321 19558 23646 27982 481 4144 23196 20222 7129 2161 5535 20450 11173 10466 12044 21659 26292 26439 17253 20024 26154 29510 4745 20649 13186 8313 4474 28022 2168 14018 18787 9905 17958 7391 10202 3625 26477 4414 9314 25824 29334 25874 24372 20159 11833 28070 7487 28297 7518 8177 17773 2270 1763 2668 17192 13985 3102 8480 29213 7627 4802 4099 527 2625 1543 1924 11023 29972 13061 14181 1003 27432 17505 27593 22725 13031 8492 142 17222 1286 13064 7900 19187 8360 22413 974 14270 29170 235 833 19711 25760 18896 4667 7285 12550 140 13694 2695 21624 28019 2125 26576 21694 22658 26302 17371 22466 4678 22593 23851 25484 1018 28464 21119 23152 2800 18087 1060 1926 9010 4757 2170 20315 9576 227 12043 22758 7164 5109 7882 17086 29565 3487 29577 14474 25627 5629 1928 25423 28520 6902 14962 123 24596 3737 13261 10195 2525 1264 8260 6202 8116 5030 20326 29011 771 6411 21153 21520 29790 14924 188 21763 4940 20851 18662 13829 17713 18958 17578 8365 13007 11477 1200 26058 6439 2303 12760 19357 2324 6477 5108 21113 14887 19801 22850 14460 22428 12993 27384 19405 6540 1111 28704 12835 2356 6072 29350 18823 14485 20556 23216 1626 9357 8526 13357 29337 23271 23869 29361 12896 13022 29617 10112 12717 18696 11585 24041 24423 24129 24229 4565 6559 8932 22296 29855 12053 16962 3584 29734 6654 16972 21457 14369 22532 2963 2607 2483 911 11635 10067 22848 4675 12938 2223 22142 23754 6511 22741 20175 21459 17825 3221 17870 1934 15205 1783 23850 17398 22279 22701 12193 12734 1637 26534 5556 1993 10176 25705 6962 10548 15881 300 14413 16641 19855 24855 13142 11462 27611 877 20424 2678 1752 18443 28296 12673 10040 9313 875 20072 12818 610 1017 14932 28112 695 13169 23831 20040 26488 28685 19090 19497 2589 25990 15145 19353 19314 26740 22044 11258 335 8759 11192 7605 25264 12181 28503 3829 23775 20608 29292 5997 17549 29556 25561 1627 6467 29541 26129 1240 27813 29174 20601 6077 20215 8683 8213 23992 5601 23392 15759 2670 26428 28027 4084 10075 18786 15498 24970 6287 23847 2604 503 21221 22663 5706 2363 22171 27489 18240 12164 25542 7619 20913 7591 6704 1818 9232 750 25205 4975 1539 11422 21098 11247 13584 13648 2971 17864 22913 11075 21545 28712 17546 18678 1769 15262 8519 28289 15944 2865 18540 23245 25508 28318 27870 9601 28323 21132 24472 27152 25087 28570 29763 29901 17103 14423 3527 11600 26969 14015 5565 28 21543 25347 2088 2943 12637 22409 26463 5049 4681 1588 11342 608 2060 1758 29954 20888 14146 690 7949 12843 21430 25620 748 27067 4536 20783 18035 2226 15185 7038 9853 25629 11224 15748 19923 3359 2257 24766 4944 14955 23318 2726 25411 21025 20355 1001 9496 18584 9515 17964 23342 8075 17913 16142 1196 21948 25072 20426 14606 26173 24429 2404 6705 20626 29812 19375 93 16565 16036 14736 29141 814 5994 8256 6652 23936 838 20482 1355 21015 1131 18230 17841 14625 2011 2637 4186 19690 1650 5662 21634 10893 10353 21416 13452 14008 7262 22233 5454 16303 16634 26303 14256 148 11124 12317 4213 27109 24028 29200 21080 21318 16858 24050 24155 1361 15264 11903 3676 29643 26909 14902 3561 28489 24948 1282 13653 674 2220 5402 6923 3831 19369 3878 20259 19008 22619 23971 3 21945 9781 26504 12392 2685 25313 6698 5589 12722 5938 19037 6410 1461 6234 12508 3959 6493 1515 25269 24937 28869 58 14700 13971 26264 15117 16215 24555 7815 18330 3039 212 29288 28082 1954 16085 20710 24774 8380 29815 25951 6541 18115 1679 17110 25898 23073 788 23977 18132 29956 28689 26113 10008 12941 15790 1723 21363 25184 24778 7200 5071 1885 21974 1071 11333 22867 26153 14295 20825 9676 15629 28650 2598 3309 4693 4686 80 10116 12249 26667 1528 26679 7864 29421 8405 8826 6816 7516 27726 28666 29087 27681 19964 1340 5686
-23979 -18338 -15279 -23936 -691 -9585 -12098 -127 -12876 -6059 2745 1762 -1577 -2469 -25194 -17732 -20682 -24398 1907 -5693 -6519 -28988 -8864 -3370 -5886 -3191 -25916 -6444 -17710 -8707 -4 -848 -28946 -4655 -15292 -29752 -22509 -16288 -24869 114 -13561 -22042 -5278 -296 -23005 -28948 -4731 -22521 -11762 -3577 -2082 -19134 -12341 2498 -1514 -8804 -22538 -3367 -17842 -17978 -28854 -11608 -16963 -26075 -19353 -542 -23398 807 -25902 -2170 -708 -15400 -22722 -9201 -11648 -9552 -16118 -29460 -1685 -25425 -21238 -20433 -7664 -11603 1418 -10103 -4172 -16149 -3184 -5770 -25551 -13075 -29342 -29771 -5480 -19060 -440 -14853 -4838 -28345 -9325 -29208 -7639 1754 -13602 -6854 -21286 -3054 -8812 -10431 -21362 -2337 -14925 -5485 -18479 -29525 -14385 -9472 -16766 -17430 -29095 -20536 -10443 -1038 -15839 524 -17451 -12531 -29670 1923 -1650 -15667 -7075 -19090 -10263 -13664 -11663 -28722 -17607 -22364 714 -1836 1591 -10051 -10865 -27495 -16663 -19996 -13663 -27377 -1336 -20030 -4392 568 -10719 -22915 -20848 -11627 -1348 -21806 -20124 -6174 -1604 -22428 -23751 -15360 -826 -11181 -29057 2611 -28059 -9711 -21581 -24435 -26195 -22415 -13784 1450 -28385 -27391 -18936 -20834 -13107 -13926 -16491 300 -10305 -20427 -14411 -16839 1172 -12032 -2642 -3969 -3732 -10574 -1490 -19578 774 -21221 910 -6448 -25818 -4609 -14505 -24236 -29126 -28636 -15098 -1745 -25540 -29526 -23028 -3179 -3878 -4453 -8423 -20211 -4395 195 -2406 -22050 -13657 -29246 -27519 -18328 -6561 -16572 -24088 -20238 -24033 -5592 -25585 -28092 -12777 -18241 -3566 -24796 -514 -25681 -29042 -24055 -3194 -21834 -11300 -18633 -12308 -8213 -1468 556 974 -26553 -24979 -11717 -3778 -669 -27624 -1417 -3052 -17277 -12018 -7982 -15224 -20780 1111 2182 -6144 -10510 -21075 -25676 -23514 -10323 -14031 -18357 -22466 -14323 -7332 1068 -8009 2196 -22217 -13172 -22273 -574 -14129 -19303 -12388 -11297 -18973 -18592 -24455 -20492 -22815 238 -5763 -3557 -8687 -7499 -21150 -4872 -27889 -6350 -1851 -18808 -28546 -14131 -29319 -2535 -9733 -12287 -10207 -11366 -4528 -9028 -7170 -5099 -1558 -24823 -16123 -4230 -29298 -15636 -28619 -13410 -21177 -27763 -21977 2179 -13405 -9831 -27673 -17958 1310 -1818 -18942 -22074 -20513 -28330 2528 -24349 -27742 -22787 -20140 -4217 -8714 -27258 -21390 -25528 -22872 -11566 -24159 -9282 -26497 -15133 -5135 -19062 -28119 -20743 -7250 -1386 -11402 -1542 -27339 -3937 2756 -9193 -9722 -10511 -10565 -23635 2075 -22414 -28614 -22167 -21640 -16670 -3952 -21072 -508 -17567 -6160 -23234 -28265 -10190 -18401 -18163 -8108 1982 -22672 -648 -18631 1244 -8206 -23392 -20748 -18353 -12568 -20465 -22792 -26736 -26503 -6757 -2351 -7985 -3159 -29811 -13900 -10188 648 -20477 -10149 -5526 -1367 -109 -2800 -10146 -20010 -4303 -25081 -12220 -7422 -17069 2544 -26660 -16513 -29101 -7475 -21517 -24462 -22508 -23807 -1748 -4989 -28440 -14166 -28160 1497 -27215 -11471 1540 -11195 -1209 -16608 -16790 -16451 -8422 -3021 971 -20723 -29927 -9807 -28380 -8503 -16174 1276 -10210 -23418 -16422 -18841 -9582 -3511 -29841 -26551 -17076 -20928 -19620 -2992 -2033 -19792 -23523 -11497 -14630 2607 -15804 -17926 -16278 -17389 -10981 -1239 -18944 -17110 1163 -13317 -16284 -10068 -4548 -27259 -25046 -23187 -27138 -19604 -14540 -9385 -19096 -27401 -9864 -25320 -20802 -2968 -15613 2584 -22760 -26483 -12994 -21330 -29759 -11118 -4751 -26477 1758 -17895 -379 -12905 -22704 -20084 -14322 -19822 -16421 -4942 -2423 -17250 -15993 -6271 -5919 -27005 -27322 -5324 -2247 -9101 -18216 -14435 -26907 -16392 -23828 -18757 -71 -22486 -19832 -24945 -18809 -24027 -21078 -23252 -19014 -27856 -13554 1577 -3483 -15371 -84 -24126 -14209 -14531 -7088 -21854 693 -20909 -20185 -3051 -3143 -9360 -3948 -29764 -21449 1226 -1838 -13045 -6817 -21606 180 -13903 -26935 -2935 -27487 -20739 -17422 -8922 -13122 -15860 -25389 1947 -27555 -29830 -25 -16511 -5250 -23851 -26667 -16135 -7786 -12718 -2993 -2568 -21104 -13633 -1478 -25118 1810 -12359 -22769 -27813 -23295 -23521 -23679 -23462 1351 -10553 -5792 -20354 -7724 -4241 189 422 -2334 -21514 -26545 -27972 -386 -25140 -747 -18223 1348 -17497 -19139 -7569 -918 -17545 -15803 -7894 -21248 -14179 -12704 -3719 -3979 -5545 -14053 -2876 -11682 -20865 -18624 -28226 -141 -5002 -20747 -23078 -19365 -28357 -1112 -21847 -16768 -25253 -1320 -10074 -4322 -23550 -15199 -5039 -15801 -9145 -3637 -24284 -19427 1561 -6755 -23527 -1726 -28450 -5647 -28819 -25713 -27301 -11890 -11357 -12535 -22828 -27471 -20019 -27888 -16524 -25619 -21753 -3110 -13329 -21195 2372 32 -26011 -20680 -6835 -14569 -20342 -18707 -12794 -3422 -13052 -27794 -2829 -11834 -26604 -13303 1020 -6306 -14471 -15212 109 -12016 -18031 -1022 -8383 -25985 -13374 -26316 -20832 -12094 -4072 -17903 -1882 -5610 -14801 -18215 -15514 -10801 -17580 -9290 -11729 -14187 -2585 -23915 -29682 -26420 -28669 -22733 -21613 -16556 -6814 -15493 -25640 -12173 -1926 -3569 -22848 271 -19732 -25307 -10115 -29663 1311 -12396 -17323 -29594 -22232 -978 -10587 -25000 -29458 -12463 38 -8612 -22645 -16711 1647 -26819 -16907 -13416 -19013 -19239 -9507 -21783 -20499 -12518 -553 -14335 -19247 -7896 -14916 -10905 -16475 221 -26036 -8219 -25128 -21894 -26344 -26657 -7407 -2920 -13920 -15132 -8589 -16287 -9032 -26749 -2784 -17921 -1232 -12960 1531 -17067 -6221 -9337 -17741 -3347 -2064 -27905 -5635 -18126 -22280 -3165 -4320 -21024 -11545 -24275 -25929 -5192 -16441 -20844 -12168 -22095 -19560 -22625 -8438 -7115 -8038 -8920 -28164 -19203 1202 -19492 -19920 -24660 -17924 -20942 1493 -22260 -21454 -9526 -5227 -10903 -21120 -6665 -18928 -6600 -29293 -7045 -9334 -25859 -6412 -17519 -12832 -10604 -13775 -28991 -7988 -11864 -18545 -11238 -4957 -29258 -29979 -12078 -5488 -20752 -3982 -2632 -6283 -20286 -12350 -16710 -26665 -17241 -26831 -8105 -24697 -7360 -8021 -5801 -895 -5209 -11339 -21319 -26348 -21247 -5967 2029 -14013 -22958 -3747 -9917 -18580 -14186 2718 -17756 1063 -22771 -9348 -11136 -25231 470 -14995 -8953 -28406 -8513 -5674 -26724 -8677 -23460 -22321 -6010 2588 -5290 -729 -12055 -779 -1530 -9817 -6411 -6045 -25022 -5221 -24994 -16738 -9865 -6513 -2804 -967 -27912 -17065 -10221 -14007 -15210 -5038 -11035 -18999 -10895 -18193 -5433 -27331 -26866 2671 -28543 -17002 -26455 -16403 -15782 -21162 -15156 -22628 -21437 -8972 -736 -1199 -15277 -16510 -22396 1601 -5773 -18803 -6308 -10229 -9637 -699 -7637 -22279 -26435 -12579 -6555 -11390 -29505 -13259 -14978 1812 -849 -6985 -21945 -26607 -21262 -14721 -10118 -28392 -17346 -26178 2707 -5755 -28662 -29856 -7710 1339 -6846 -5396 -25377 -7775 -9922 -8276 1981 -27670 -267 -1777 -9406 -870 -11154
-25013 -555 -11195 -21384 -24250 -9511 -2662 -8037 -1865 -15303 2209 -8370 -6776 -28092 -3263 -5526 1920 -2628 -19707 -26145 -23266 -20439 1056 -2394 -21816 -22925 -1618 -15881 -23259 432 -5316 -17221 -17721 -11717 -9333 836 -5875 -5882 -17263 -11972 2119 -9423 -19263 -15909 -9444 -7205 -13940 -8099 -21207 -26568 -27864 -25420 -15125 -24093 -8816 -1926 -21281 -3210 -9524 41 -26649 -21671 -13710 -7026 -6928 -26409 -17811 -14213 1490 -26761 -15107 -26947 -12937 -19319 -4097 -2995 -5824 -11521 -28305 -23861 2468 -16002 -8917 -6361 -485 -2379 -7 -14174 -14278 -6162 -5172 -17419 -5601 -21022 -18109 -28977 -3057 -5166 -15757 -22651 -27298 -21293 -9498 -4859 -19313 -21654 -14109 -5363 -11587 -18600 -7184 1690 -16838 -21065 -874 -10590 -10123 -18618 -3740 -2811 -3295 -16126 -27337 -9278 2195 -7434 -13640 -23962 -11412 -22189 -1755 -20533 2425 -3133 -16811 -19458 -16937 -8453 502 -383 -20901 -4977 -12774 1203 48 -8949 -28430 -21364 -20542 -4033 -21544 -20595 -18469 -38 -3181 -22025 -19444 -22469 1495 -21956 591 -3197 -26612 -11085 -22550 -17681 -23728 -4209 -617 -19867 -28225 -5358 -6431 -11700 -12046 -17922 -26415 -27743 -4667 -29107 -19510 -19897 -25250 -12767 -19278 -5729 -10389 -11010 338 -8359 -6742 -10953 -27648 -20342 -29521 -4698 2683 -19998 -14432 -25578 -13105 -23865 -11992 -17639 -13258 -7806 -6301 -6812 -9822 -25958 1357 -6059 -28153 -22531 -13655 -25620 1913 -15036 -4290 -9939 -4615 -9927 -2496 -20538 2703 -1898 -18931 -24846 -26471 1552 2074 -10851 -26270 -27756 -19156 -16951 -15882 -5935 -3637 -10448 -1227 -11530 -269 -23253 -22489 -24131 -15602 -19502 -22897 -2648 -4321 -1947 -16957 -15478 1088 -28437 -4166 -20150 -12978 -22760 -8089 -20508 -24349 -1420 -14523 -2384 -124 -10822 -24780 -15385 -7652 -3202 2179 1635 -13143 -27117 -28338 -11098 -1738 -10580 -10230 -10978 -20727 -4159 -17314 -1112 -26083 1717 -28108 -16302 -18733 -18251 -29935 -19611 -23068 -4381 -13919 -27997 -870 -16972 -11369 -15411 -6848 -11370 -10828 -10136 -23593 -17705 -4572 -319 -11510 -3390 -3823 1071 -4764 -23541 -9357 -13160 -2367 -2963 -6107 -7370 -9726 -17007 -1218 2203 -12539 -21710 -10338 -7693 -9003 1151 -11577 -21110 -13283 -23360 -1297 -24434 -25117 -6339 -7341 -11755 -9614 2651 2765 -10399 -12791 -28503 -2717 -750 -11942 -21579 -29825 581 -3213 -26729 -25713 -2001 -17496 -5021 -27862 -19300 -29470 -27539 -17882 -29795 -22460 -11172 -5541 -18378 -26240 -2902 -17065 -19519 614 -10433 -11507 -1404 -10839 -22254 -19462 -22330 -9462 -8524 -8445 -5083 -13629 -13240 -24248 -16242 -14567 2255 -935 -29274 -27599 -26966 -17241 -19607 548 -2727 -11208 -13807 -17067 137 -12897 -26310 -1789 -16306 -5332 2627 -22502 -29011 -14752 -26121 -18353 -18851 931 -29331 875 -4402 -4551 -4564 -5401 -9877 -28557 -28269 -11846 -7139 -25566 -20615 -6033 -19184 -18607 -13296 -134 953 308 -1777 -11316 792 -7333 -19952 2469 -16070 811 -10186 -13910 -24573 -6257 -28396 -19401 -13526 -22805 -29494 -24842 -12411 -20142 -2191 -12111 -18553 -29960 -26182 -20636 -12025 -29974 -4911 -27497 66 -3588 -23160 -17430 -15324 -4605 -1359 -14 -12349 -8891 -21813 -9917 -8915 -6610 1250 -11314 -25245 -18619 -1872 -4498 -5723 862 -3576 -26435 -26128 -29168 885 -15572 -23354 -9111 -23522 -19117 -5075 -8735 1260 -24955 -9222 -24179 -16145 -27480 -17073 -5227 -4866 -2749 -7325 -16664 -13666 -8999 -27263 -20690 -24026 -22410 -9644 -28929 2080 -19065 2145 -12718 -28175 -11282 -16427 -25288 -16963 -25002 -20095 -22838 -28283 -21308 -10461 -1953 -19054 -10897 231 -5885 -29161 -4142 -9171 -27355 -26606 -12801 -10355 -15728 -29325 -8138 2072 -16227 -27520 -18762 -3103 -26458 -392 -10797 -6723 -23875 -9866 -28599 -20922 -11618 -9831 -9264 -2522 -12061 -8862 -11279 1426 -19337 -28323 -8425 -23276 -4019 -2300 -22039 -1138 -13998 -11552 -4905 -29316 -5984 -14863 -20493 -16007 -8716 -27056 259 -29179 -22942 -5357 -12332 -19323 -29881 -143 -6959 -21109 -4736 -28377 -23085 -21928 -12071 -29159 -25285 -12385 -17464 -15043 -2241 -29300 -16548 -24907 -5759 -18171 -17552 -24773 -18202 -13776 -19676 -17726 -11867 -7115 -14962 -17830 -23138 2629 -24916 -18091 -15122 -23077 -2915 -600 -6976 -15807 -6895 -20588 -14235 -24233 -14593 -16216 -29296 -15210 -20166 -19109 -29379 -11915 -2266 -4810 -9458 -12002 -7914 2018 -14379 424 -7403 -8624 -5746 -331 -11892 -17507 -3932 -23634 -20898 -27562 -17400 -19181 -15682 -27710 -15016 -13661 -27444 -4192 -25368 -8522 -3186 -16213 -22761 -4980 -19173 -27446 -28012 -22559 -13202 -16358 -10998 -13679 104 -16054 -22944 -11491 -167 -12292 -10239 -23467 -9314 -15196 -3615 -19858 -11158 -12740 -7839 1620 -25657 -20422 -28813 -29887 -25409 -24066 -9585 -29344 -239 -4988 -1589 -18041 -13749 -11262 -16630 -3876 -24493 -21993 -12416 -19049 -6899 -15511 -5042 -14559 -28210 -12987 412 -15145 -8940 -22907 -21528 -4598 2676 -16457 -22627 -23734 -2349 -14725 -8472 -29468 -19239 -24531 2503 2729 -12893 -2108 -27549 -12047 -1608 -7430 -16481 -10528 -6593 -7506 -20495 -1560 -9617 -15738 -8591 -1393 -11962 -25640 -24529 -18829 -9346 -53 -18486 -15477 -8771 -29511 -23234 -12113 -244 -3368 -22530 -4261 -9334 -21478 -22717 -21840 -12447 -5295 -2909 -28741 -4614 1687 -25371 -29958 -1683 -7955 -17644 -16612 -4548 -26846 466 -18167 -2240 -3081 -4369 -23262 -8733 -4224 -8902 -5686 -13680 -16947 -5993 -13531 -5784 -20278 -10158 -993 -14537 947 -16207 -1370 -11283 -6957 1376 -4686 -13374 -12883 -28666 -9380 -15829 -3208 -21036 -10846 -11134 -15307 664 -6225 -17000 -17788 -8900 -22449 -4524 -23621 -19057 -12123 -26211 -29639 -18615 -21728 -18566 -14856 -439 -4437 -15496 -17054 -6112 -9692 -17843 -28570 -24877 -23536 -25926 -25654 -16163 -28019 -4682 -3389 -13708 -12409 -26168 -2877 -23539 -13009 1461 -2670 -1502 -12631 -12709 -21600 -15821 -5883 -27683 -10086 -28405 -28559 -24064 -8133 -22972 1453 -2091 -16027 -12019 -18497 -3431 -23184 -28117 -4633 -24615 -1598 -24770 -12843 -1319 -14433 -21690 -28134 -26313 -16829 -26523 1245 2764 -23762 -2329 -27953 -3885 -25408 -2689 2657 -28595 -29947 -22829 -9420 -7260 -7470 -16325 -5680 -4210 -16623 -19002 -13414 -8396 -25511 -10369 -256 -21612 -11741 -24073 -15391 -1881 -8521 -7284 -23700 -8604 -13147 -18542 -9170 -5407 806 -151 -15146 -5728 -3840 -17706 -17946 -3667 -29854 -25771 -19529 -19572 -19441 -7759 -579 -7312 -13634 -17967 -3315 -27730 -4671 2261 -7140 -27792 -21018 -7838 2506 -23122 -18021 -28103 -22113 -23462 -15531 783 -12460 -22734 -11367 -16491 -5443 -3866 2053 -11865 -17742 -27407 -12157 -8307 -13534 -7049 -11860 -18906 -17063 -24826 -27488 -23903 -20449
-27305 -8183 -6508 -8708 -9763 -2470 -29387 -4704 -8290 2389 -24372 -24191 -1214 1744 -11160 -21818 -1431 -23880 -2607 -23708 -15038 -15786 -17473 -3193 -16806 -21295 -15287 -22989 -11087 -23307 -10336 -3797 -1005 -12238 -15619 -3054 -91 -28952 -8232 -3376 -7489 -22046 -25765 -28873 -15367 -1760 -28138 -14873 -2423 -6183 -27660 -19858 -14900 -1600 -23442 -8524 -26846 -19065 -13570 -24169 -8705 -26463 -14377 -12078 -27073 -1971 211 -13789 -18246 -3120 -17747 -26707 -8679 -9215 -3472 -19557 1000 -19445 -5329 -20730 -22548 -20625 -15369 -16360 -21066 -11960 -22014 -1166 -15752 -28461 -1235 -17204 -19688 -22738 -4948 731 -6013 -5536 2557 -444 -9830 -24550 -2818 -22699 -16707 -5901 -6668 -10956 2331 -29925 1004 -10950 -14974 -15934 -18262 -10199 -10377 -16157 -29559 -26620 -10305 -22082 -26341 -28637 -17372 -23671 -28912 -1146 -21387 -5021 -11431 -29334 -22321 -2163 -26598 -6885 -6708 -28277 -27128 -552 323 -18847 -14052 -5605 -4803 -25492 -7092 -12589 -16007 -22335 -3219 -26798 -12390 -5172 -2744 -2295 -21035 -11977 -9231 -18285 -9747 1805 -6316 -522 2145 -8160 -29167 -10715 -3100 -19032 -6006 -13367 -16115 -29652 -11719 -11968 -13744 -90 -19128 -21018 -6099 -17694 -19365 -12140 2471 -473 -22863 -21657 -20232 -1767 -26005 -829 -22397 -1058 -11989 -22121 1034 -15488 -5407 -29470 -15839 -6766 -19742 -8074 -24094 -24809 -15557 -23812 227 2719 -3516 -24776 -10907 435 -16776 -1906 -26418 -21133 -21373 -7995 -18854 2686 -13411 -9460 -11763 -7150 -11241 -20422 -1044 2677 -27597 -1958 -23700 -14189 -24775 -8857 -8405 -8984 -3385 -1196 -8994 -1632 1641 335 -29302 -28675 -1687 -1977 -7688 -5382 -11543 -11604 -21661 -8914 2094 -22154 -2957 1522 -17089 -13720 -6545 -3642 -3153 -1130 -29010 -26127 -25673 -26587 -26546 1896 -17528 -5550 -12759 -25359 -24354 -6475 -1787 -13176 -12071 -21305 -4597 -17406 -22007 -3933 -7813 -25360 -4921 -19959 -11875 -17466 -25140 -7000 -25093 2621 -2308 -4707 -24883 -22283 -9597 -26057 -12107 -19361 -989 -3075 -5972 -10022 -19252 -27150 -7108 -3556 -19346 -6377 -5647 -17964 1547 -8654 -29174 -13939 -26096 -19762 -12429 -3114 -13595 -24701 -7944 -18272 -28733 -26249 -27981 -10009 -11834 -24283 -4154 -12907 -26813 -28579 -7088 -23133 -1701 2444 -103 -28799 -26672 -5058 -22896 -28232 -232 -3359 -13704 -18738 -19280 -8756 -2082 -20375 -8781 -12416 -11826 -19016 -19541 -16851 -12986 -24305 -17497 -24968 -16149 -28463 -3186 -21637 -25349 -28781 -5710 -4083 -8317 1918 -3416 -2748 -26414 1269 -3752 -17863 -27603 -29576 -6832 -9973 -1852 1993 -19618 -729 -2331 -29107 -9123 -28986 -10896 -29516 -27057 -18505 -3189 -28707 -1108 -23202 -28010 -18701 -15110 -21507 -926 -28451 -16226 -20686 -9827 -5931 -782 -3135 -13167 -14762 -10089 -16748 -23537 -23492 -4851 -6912 -17755 -23769 1920 -19894 -10729 -17632 -23579 -14742 -25843 -20353 -25018 -11762 -5878 -12277 -29094 -11294 -19811 -18844 345 -17649 -23077 -22882 1550 -27903 -18164 -19409 -16594 -25490 -4187 -15349 -4120 -2156 -5257 -22259 -18755 -15422 -25051 -8295 -5486 -10215 -20773 -21376 -12796 -1644 -6083 -23773 -29445 -19898 -15714 -10532 -18302 -21021 -8589 -17511 -19242 -16510 775 -1590 -12868 -2911 -2704 -18050 -6888 -9878 -17471 -22328 -4164 -11723 -24447 -16024 -19330 -20915 2652 -28249 397 -10249 -999 -29565 -13307 -14928 -12084 -23284 -4672 -28489 2125 -18162 -11061 -18456 -28944 -17174 -17098 -3242 -5412 -17979 -7414 -15892 -223 -8021 -3053 -17451 -28720 -16755 -4872 -15938 -19574 -25281 -19323 -909 -25953 -16215 -6769 -22594 -21316 -8046 -13231 -15291 -2044 -7579 -14055 -16535 -13984 -8140 -13503 -11665 -24810 -24323 -1951 -8995 -22114 -6612 -11325 -16857 -12623 -19870 -1513 -3445 -7518 -4747 -15000 -2246 -29711 2488 -4785 -17992 1310 -29060 -2201 -27003 -20293 -21546 -29696 -21763 -19515 -17501 792 -387 2612 -11318 -17017 -14649 -13871 -12863 -24967 -13400 1864 -6317 -18143 -21032 -28290 -8032 1708 -27359 -2268 -17563 -18316 2499 2701 -131 -1417 -744 -10308 -22360 -17913 -14988 -16190 -24180 -15165 -28337 -19385 -4103 -11323 -27226 -19866 -2447 -10467 -1122 -27714 -4376 -27266 -11925 -14651 712 -3016 624 -2208 -23496 -1178 -25945 -29538 -5527 -9916 -5840 1122 -3947 -10603 -18178 -10250 -8663 -16083 -25994 -25069 -7803 -2495 -764 -19643 -23401 -1710 -28102 -29015 -8553 -28916 -29408 -11275 -21004 -145 -14662 -12658 -15572 -205 742 37 -24494 -23233 -24947 -20207 -1495 -5854 -26391 -16076 -10146 -535 -17761 -3794 -5791 -14508 -13501 -11825 1036 -6939 -16353 -14382 -4987 -3273 -14288 -2104 -8091 -2159 -9870 -20910 -20966 -22085 -23714 -26477 -9334 -28656 2736 -7963 -24584 -24107 -28051 971 -19156 -7223 -3800 -15410 -19715 -1675 -12882 -4332 -19994 -20271 -5992 -15459 -29775 -14464 -18020 -29284 470 -14616 -1253 -9672 -2064 -23796 -19300 -22477 -3636 -28589 -13960 -29750 -18496 -6517 -8234 -13859 -27330 -19155 -19494 -20912 -6744 -4893 -21734 -24143 -7322 -15801 -17326 -15845 -4809 -21010 -168 858 -19004 -21083 -26033 -28293 -21766 -1754 -18538 -10598 -21761 -26574 -10905 906 -21686 -19650 -25414 -24721 -12224 -4178 -23121 2301 -14188 -24324 -26836 -22643 2570 -23962 -5688 -19856 -13439 -1820 -11800 643 -8144 -11939 -27353 -24061 -10192 -20710 -12548 -29021 2618 -8581 -5993 -7716 -5453 -23 -14325 -11387 -11291 -16629 -1358 -13661 -23664 -8499 -3966 -11871 -8642 -28564 -1531 -7103 -1496 -25202 -25798 -6895 -28762 -14968 -9935 -17484 -15519 -14421 -20977 -28273 -28229 1313 -23860 -5184 -1512 -14681 -24411 -24487 -11741 -9149 2271 -6717 -25636 -2962 -26988 -26816 -8241 -6499 -20426 -1267 -24941 -2286 -2351 -23405 -1478 -5459 -9584 -14623 -28948 -29435 -10109 -29862 -16690 -9033 -14945 -16213 -2776 -11778 -13561 -2559 -23352 -3196 -2166 -10632 1441 -21128 2668 -10026 -10824 -24863 -9367 -26759 -24255 -11982 1015 -7026 -10748 -29154 -21044 -4476 -23034 -14419 -21856 2240 -666 -14704 -18124 -4973 -28795 -27982 -25709 -13809 -7529 -23741 -6300 -9783 -27984 -28057 -15376 -12936 1505 -28843 1502 -22334 -20725 2046 -12368 -211 -23954 -27855 -23997 -16848 1901 -21674 -847 -8816 -10351 350 -19595 -5654 -28975 -1030 -15664 -25205 -18677 -24468 -1144 -14104 -26790 -24308 -15450 -14710 -16205 -16148 -12650 -21685 -19964 -639 -26240 -20016 -21271 -27466 -23950 -1918 -13194 -28064 -4416 -19210 -8383 -818 -10934 -6884 -23612 -20575 -16899 -24390 -23550 -10018 -1379 -24807 -13246 -25407 -15105 -9720 -24362 -4833 -12580 -25655 -13117 -6135 -5304 833 -19610 -7368 -9811 -12161 -9817 -16183 -7871 -23247 -19321 -19400 -21748 -14855 -10139 -27849 -1682 -1037 -22187 -15093 -446 1476 -29383 -18789 -4571 -27736 -14034 -10469 -58
