5
2
200 200
100 100
5
0 0
1 1
2 2
3 3
4 4
10
-149 397
348 -604
543 -345
-602 95
304 621
560 -350
-399 57
862 481
-617 990
814 13
30
-67 -225
-559 229
167 -290
696 -144
662 503
92 -471
956 301
785 -6
80 -731
-405 -164
260 -110
834 782
581 -543
130 -444
579 662
-202 306
-399 86
-219 -327
-865 647
-259 -96
-489 100
-320 391
-316 598
220 249
-326 144
704 32
-254 -567
-548 125
-396 127
967 487
50
458 842
-649 404
-14 -658
-211 454
613 614
590 248
-586 -851
601 -295
-835 974
-794 808
-556 -720
44 -255
-847 -358
-762 390
454 -515
134 -814
-522 977
763 506
424 -272
-449 917
-528 -925
260 765
525 329
-304 -26
109 -897
-394 191
712 45
167 903
763 285
633 162
115 241
551 -180
-627 197
937 221
523 259
-683 733
-598 -826
-458 -951
962 385
732 263
-419 336
-172 327
-628 -593
-678 619
-26 -118
-452 -567
610 709
-400 813
72 845
-679 -204
