10
80
60 4 7 92 94 97 84 51 58 36 13 68 70 66 4 74 92 17 50 16 19 44 89 98 12 92 75 64 26 8 71 22 28 59 37 76 22 77 100 20 42 12 13 10 36 64 31 15 37 84 33 89 40 6 71 41 69 92 29 86 38 21 25 98 55 4 95 63 66 55 1 3 15 30 95 27 64 29 49 80
251 349 203 292 380 366 490 748 758 680 753 1001 762 794 849 935 1155 1122 1089 1108 1452 1279 1440 1310 1346 1577 1644 1472 1836 1823 1954 1983 2056 2001 1991 1984 2231 2272 2279 2252 2476 2530 2269 2438 2529 2635 2402 2460 2827 2824 2760 2749 2942 3005 3193 3115 3028 3122 3084 3376 3498 3273 3401 3637 3388 3747 3452 3825 3650 3828 3855 3743 3930 3956 4131 3939 4265 4071 4127 6114
80
41 14 90 11 89 64 21 89 22 65 4 55 23 17 55 87 26 25 19 3 21 60 89 83 42 75 1 67 23 55 53 51 17 27 87 3 38 2 2 50 68 3 66 82 44 11 9 90 59 85 22 7 87 88 72 91 73 19 74 54 82 63 97 14 52 16 5 86 34 65 5 38 54 85 34 73 22 45 71 58
188 279 497 390 623 651 543 726 631 850 648 663 953 1061 893 1182 1151 1164 1399 1266 1112 1184 1449 1502 1412 1491 1409 1700 1880 1919 1935 1812 1865 2061 1817 2061 2263 2071 2206 2195 2343 2400 2393 2514 2342 2594 2633 2786 2602 2775 2959 3003 2907 2956 3143 3179 3251 3220 3195 3078 3441 3209 3220 3565 3444 3528 3458 3634 3638 3933 3838 3787 3735 3980 3982 4165 3980 3971 4025 6002
80
5 47 13 5 46 26 45 50 95 30 33 10 17 30 62 34 31 47 33 84 74 40 81 36 88 71 90 30 61 22 98 90 64 45 22 6 16 14 35 100 38 16 65 59 12 84 47 44 38 32 56 52 52 91 53 96 21 62 61 68 74 35 34 92 2 79 88 80 1 16 10 73 62 53 71 24 65 38 51 11
491 328 243 611 321 668 698 833 633 845 909 922 968 1053 864 895 1149 1200 1246 1392 1144 1305 1259 1618 1385 1651 1768 1697 1706 1937 1735 1959 2064 1783 1951 2190 2125 2074 2146 2050 2138 2181 2221 2267 2324 2734 2415 2794 2852 2569 2670 2817 2819 2924 2887 3080 3245 3266 3044 3149 3462 3235 3315 3371 3402 3491 3604 3823 3833 3802 3811 3879 3924 3909 4183 3915 4145 4300 4026 4741
80
98 14 72 87 63 91 85 7 19 23 20 67 19 92 60 67 4 80 99 68 46 4 31 21 26 35 22 34 36 88 94 28 49 25 93 19 1 45 32 87 96 9 54 98 93 22 20 8 72 23 62 92 53 52 24 66 57 81 62 66 24 1 29 36 54 13 83 77 58 90 93 100 77 62 43 32 61 1 39 81
320 295 329 418 441 712 434 483 770 832 600 810 864 891 899 1186 965 983 1229 1077 1154 1378 1519 1634 1610 1518 1417 1647 1625 1756 1810 1713 1748 2040 1969 1994 2099 2193 2155 2114 2237 2508 2206 2361 2514 2697 2493 2779 2687 2630 2685 3014 2734 3026 2815 2968 3084 2997 3248 3197 3455 3182 3581 3287 3527 3646 3659 3774 3699 3603 3701 3691 3704 3879 3815 4015 3950 4282 4283 10069
80
97 40 79 39 42 4 7 21 71 50 6 25 79 88 85 30 40 99 74 39 16 3 42 86 64 12 67 28 84 31 66 83 83 32 36 91 13 57 3 49 14 27 98 65 16 94 8 38 19 39 25 71 84 46 29 60 84 22 38 61 50 24 84 6 48 14 87 85 10 35 1 71 40 58 69 57 86 93 23 34
435 333 427 349 561 440 735 550 779 723 706 735 745 759 1036 1231 1039 1049 1101 1257 1295 1169 1484 1477 1455 1710 1533 1702 1500 1753 1688 1848 1775 2119 2104 2040 2143 2307 2257 2169 2375 2299 2390 2596 2698 2617 2746 2559 2580 2629 2981 2657 2819 2888 2825 2949 3270 2964 3110 3405 3332 3315 3418 3370 3537 3614 3709 3753 3644 3600 3741 3951 4044 3977 3941 3960 3996 3974 4083 11448
80
41 32 71 55 36 4 46 10 15 33 18 31 19 33 14 91 62 33 36 18 46 22 19 6 34 22 47 71 89 95 9 28 36 78 76 6 51 43 55 19 91 25 80 66 55 72 23 45 68 10 11 73 53 75 78 98 71 42 68 42 18 69 66 22 56 28 15 84 38 33 50 63 83 36 93 36 31 35 21 29
188 274 434 283 303 675 522 832 860 815 930 914 923 872 886 958 1138 1181 1365 1076 1462 1313 1578 1269 1551 1691 1515 1726 1868 1871 1698 2037 1831 1789 2139 2002 1930 2024 2381 2192 2418 2250 2300 2484 2306 2630 2590 2573 2699 2718 2685 2684 2955 3094 2844 3158 2900 2969 3118 3399 3247 3530 3299 3498 3584 3469 3732 3590 3788 3720 3697 3883 4040 3972 3945 4190 4227 4200 4282 9597
80
100 51 31 97 5 32 6 52 83 40 68 71 77 44 57 74 17 58 87 67 34 44 73 15 99 72 38 62 10 21 87 28 42 54 24 29 92 98 100 82 24 11 72 79 94 91 54 35 67 48 14 23 46 75 89 23 78 20 84 67 6 95 47 25 42 90 99 98 67 61 92 74 66 6 7 39 97 19 63 45
226 365 293 373 669 674 618 619 572 620 961 665 925 1079 1094 887 1095 1180 1149 1150 1201 1544 1361 1353 1492 1709 1548 1456 1713 1719 1639 1905 1861 2001 1810 2127 2076 2089 2022 2352 2324 2546 2249 2273 2612 2473 2514 2621 2508 2570 2781 3006 2798 2899 2945 2947 3166 3193 3248 3442 3431 3354 3295 3344 3550 3699 3751 3631 3898 3795 3675 3895 4084 3983 3900 4249 4267 4247 4009 5091
80
32 100 99 75 88 60 63 46 30 60 25 68 67 69 28 95 50 97 43 24 97 18 12 69 49 82 34 75 89 85 69 69 26 5 45 22 61 12 23 52 1 43 31 26 31 52 21 99 28 81 6 83 26 15 13 5 93 10 39 6 67 67 72 81 65 42 27 87 36 34 52 25 77 93 60 52 97 28 8 88
127 470 205 577 337 460 583 653 837 833 741 685 921 827 1078 930 934 1261 1229 1103 1430 1358 1530 1498 1332 1691 1670 1666 1763 1768 1615 2034 1809 2124 1941 2135 2108 2110 2148 2335 2278 2251 2371 2355 2501 2746 2572 2759 2831 2737 2670 2975 2884 2952 2927 2996 2988 3102 3397 3239 3395 3548 3351 3268 3473 3607 3519 3723 3615 3818 3683 3660 3959 3875 4196 3889 4283 4268 4359 9768
80
62 68 4 67 39 27 94 83 77 61 39 58 81 55 79 62 69 22 74 99 58 59 20 46 2 90 17 57 40 26 26 33 79 22 17 63 88 9 39 31 6 91 100 70 8 54 14 57 86 84 49 94 100 63 7 67 36 20 72 65 100 9 48 15 15 13 8 23 28 93 21 100 99 72 87 93 53 18 25 89
393 439 288 264 596 618 746 608 637 695 968 1047 725 797 1021 887 1143 1257 1070 1199 1246 1389 1452 1262 1320 1581 1476 1741 1625 1595 1699 1666 1874 2006 2077 1922 2036 2158 2096 2359 2432 2508 2388 2594 2304 2480 2727 2499 2619 2618 2774 2951 3061 3005 3166 2977 3013 3312 3380 3068 3228 3239 3313 3391 3523 3746 3731 3490 3731 3685 3632 4032 3882 3800 4044 3902 4157 3951 4268 9283
80
74 95 20 27 84 34 83 13 37 26 53 13 25 46 97 3 74 59 6 78 59 12 82 51 71 81 54 28 60 17 98 19 19 78 82 66 53 14 72 77 87 75 43 42 10 98 63 49 43 49 93 37 21 18 30 25 82 39 7 62 51 48 59 40 6 82 69 15 2 17 95 68 46 68 40 64 1 75 45 100
425 230 217 274 349 436 474 507 685 565 658 925 730 932 1011 1087 1170 1112 1191 1078 1361 1162 1296 1326 1400 1708 1771 1641 1548 1672 1898 1800 1858 1878 2145 1992 2138 2210 2273 2127 2393 2445 2404 2263 2332 2675 2504 2745 2521 2798 2768 2734 2920 2841 2838 2882 3219 3287 3366 3082 3162 3284 3431 3287 3594 3452 3611 3564 3742 3819 3834 3997 3830 4053 4041 4056 3911 4247 4337 8452
